1112100 -11.25 14.75 -99 -99 -99
1112300 -11.25 13.75 -99 -99 -99
1112330 -9.75 13.75 -99 -99 -99
1112340 -9.75 13.25 -99 -99 -99
1112350 -10.25 13.25 -99 -99 -99
1134050 -8.25 11.25 -99 -99 -99
1134100 -7.75 12.75 -99 -99 -99
1134200 -7.25 12.25 -99 -99 -99
1134220 -6.75 11.25 -99 -99 -99
1134300 -6.25 12.75 -99 -99 -99
1134310 -5.75 11.75 -99 -99 -99
1134480 -4.75 13.75 -99 -99 -99
1134500 -4.25 14.25 -99 -99 -99
1134700 -3.75 16.25 -99 -99 -99
1134850 -0.75 17.25 -99 -99 -99
1134900 0.25 15.75 -99 -99 -99
1147010 15.25 -4.25 -99 -99 -99
1147011 25.25 -0.25 -99 -99 -99
1147012 25.75 -3.25 -99 -99 -99
1147200 17.25 -3.25 -99 -99 -99
1147201 21.25 -4.75 -99 -99 -99
1159100 17.75 -28.75 -99 -99 -99
1159130 20.25 -30.75 -99 -99 -99
1159300 21.25 -28.25 -99 -99 -99
1159302 23.75 -29.25 -99 -99 -99
1159303 24.25 -29.75 -99 -99 -99
1159650 26.75 -30.75 -99 -99 -99
1159800 28.25 -26.75 -99 -99 -99
1160460 24.75 -33.75 -99 -99 -99
1160510 26.25 -33.25 -99 -99 -99
1160880 30.75 -28.75 -99 -99 -99
1196100 30.75 -24.25 -99 -99 -99
1196400 27.75 -23.25 -99 -99 -99
1196550 29.75 -22.25 -99 -99 -99
1197500 31.75 -25.25 -99 -99 -99
1234080 0.25 14.75 -99 -99 -99
1234130 1.25 13.25 -99 -99 -99
1234150 1.75 13.75 -99 -99 -99
1234180 1.75 13.25 -99 -99 -99
1234250 3.25 11.75 -99 -99 -99
1237500 12.25 13.25 -99 -99 -99
1255100 14.25 -17.25 -99 -99 -99
1257100 19.75 -17.75 -99 -99 -99
1257101 21.25 -17.75 -99 -99 -99
1258200 15.75 -20.25 -99 -99 -99
1258201 13.75 -21.25 -99 -99 -99
1258503 14.75 -23.25 -99 -99 -99
1259100 17.75 -27.75 -99 -99 -99
1259101 17.75 -26.75 -99 -99 -99
1259150 28.25 -30.25 -99 -99 -99
1259350 18.75 -25.25 -99 -99 -99
1269600 34.25 -2.25 -99 -99 -99
1271500 34.75 -1.75 -99 -99 -99
1286660 36.75 -7.75 -99 -99 -99
1286700 36.75 -8.25 -99 -99 -99
1286900 37.75 -7.75 -99 -99 -99
1287800 35.25 -5.75 -99 -99 -99
1289200 38.25 -4.75 -99 -99 -99
1289450 38.75 -6.75 -99 -99 -99
1291100 24.25 -17.25 -99 -99 -99
1291200 23.25 -17.75 -99 -99 -99
1308600 -3.75 33.75 -99 -99 -99
1309700 -5.25 34.25 -99 -99 -99
1335014 13.75 8.75 -99 -99 -99
1335122 12.75 8.25 -99 -99 -99
1335181 13.75 9.75 -99 -99 -99
1337101 15.25 7.75 -99 -99 -99
1338050 10.25 3.75 -99 -99 -99
1338201 14.25 5.75 -99 -99 -99
1338252 11.25 5.75 -99 -99 -99
1338400 11.75 4.25 -99 -99 -99
1338600 12.75 6.25 -99 -99 -99
1339100 10.75 3.75 -99 -99 -99
1340500 11.75 2.25 -99 -99 -99
1348152 14.75 4.25 -99 -99 -99
1348401 13.25 2.75 -99 -99 -99
1362100 31.25 29.75 -99 -99 -99
1362600 32.75 23.75 -99 -99 -99
1389100 44.25 -21.75 -99 -99 -99
1389230 44.75 -19.75 -99 -99 -99
1389470 46.25 -24.75 -99 -99 -99
1389500 46.75 -17.75 -99 -99 -99
1389520 47.25 -17.25 -99 -99 -99
1389600 47.25 -23.25 -99 -99 -99
1426380 -4.75 5.75 -99 -99 -99
1427500 -6.75 5.75 -99 -99 -99
1428500 -3.75 6.25 -99 -99 -99
1445100 12.25 -3.75 -99 -99 -99
1445490 13.25 -4.25 -99 -99 -99
1448050 14.75 2.25 -99 -99 -99
1448100 16.25 1.75 -99 -99 -99
1472150 31.75 2.25 -99 -99 -99
1472300 33.25 0.25 -99 -99 -99
1491200 27.25 -18.75 -99 -99 -99
1491210 27.75 -19.25 -99 -99 -99
1495240 31.25 -21.25 -99 -99 -99
1495700 31.75 -19.25 -99 -99 -99
1526300 -1.75 5.75 -99 -99 -99
1530100 -2.75 5.25 -99 -99 -99
1531100 -2.25 8.25 -99 -99 -99
1531450 -0.75 9.75 -99 -99 -99
1531600 -0.25 10.75 -99 -99 -99
1531700 0.25 6.25 -99 -99 -99
1531800 0.25 9.25 -99 -99 -99
1537100 14.75 12.25 -99 -99 -99
1537150 15.75 9.75 -99 -99 -99
1537180 15.75 8.25 -99 -99 -99
1537250 16.75 8.25 -99 -99 -99
1537300 17.25 10.25 -99 -99 -99
1537450 17.75 7.75 -99 -99 -99
1537500 18.75 8.75 -99 -99 -99
1537800 20.75 11.25 -99 -99 -99
1577102 39.75 8.75 -99 -99 -99
1577602 40.25 10.75 -99 -99 -99
1591470 28.25 -13.25 -99 -99 -99
1631100 0.75 10.75 -99 -99 -99
1634400 -10.25 10.75 -99 -99 -99
1634420 -9.75 10.25 -99 -99 -99
1634500 -9.25 9.75 -99 -99 -99
1634600 -9.75 11.25 -99 -99 -99
1643100 10.25 -0.75 -99 -99 -99
1643150 10.75 -1.25 -99 -99 -99
1643200 10.75 -0.25 -99 -99 -99
1643300 12.25 -0.25 -99 -99 -99
1643400 12.75 -0.75 -99 -99 -99
1643420 12.75 0.75 -99 -99 -99
1643450 12.75 1.25 -99 -99 -99
1644200 11.25 -3.25 -99 -99 -99
1663100 32.75 15.25 -99 -99 -99
1663800 34.25 11.75 -99 -99 -99
1664100 34.25 17.75 -99 -99 -99
1666100 32.25 9.25 -99 -99 -99
1673100 32.25 15.75 -99 -99 -99
1673600 31.75 9.75 -99 -99 -99
1673900 31.75 4.75 -99 -99 -99
1732100 1.25 7.25 -99 -99 -99
1733300 2.25 8.25 -99 -99 -99
1733320 2.75 8.75 -99 -99 -99
1733600 2.25 7.25 -99 -99 -99
1734450 2.25 11.75 -99 -99 -99
1734600 3.25 11.25 -99 -99 -99
1737150 17.25 6.25 -99 -99 -99
1737210 18.25 7.25 -99 -99 -99
1737700 19.75 9.25 -99 -99 -99
1748500 16.25 3.25 -99 -99 -99
1749050 17.75 3.75 -99 -99 -99
1749080 18.25 4.75 -99 -99 -99
1749100 18.75 4.75 -99 -99 -99
1749480 21.75 4.75 -99 -99 -99
1749550 23.75 5.25 -99 -99 -99
1749600 25.25 5.25 -99 -99 -99
1812100 -14.75 16.75 -99 -99 -99
1812500 -12.25 14.75 -99 -99 -99
1812600 -12.25 14.25 -99 -99 -99
1813200 -13.75 13.25 -99 -99 -99
1813460 -12.75 13.25 -99 -99 -99
1815020 -14.25 11.75 -99 -99 -99
1834101 6.75 7.75 -99 -99 -99
1835900 9.75 8.25 -99 -99 -99
1837107 11.25 12.75 -99 -99 -99
1837250 10.25 12.25 -99 -99 -99
1837401 9.75 12.25 -99 -99 -99
1870800 30.75 -2.75 -99 -99 -99
1878100 44.75 1.75 -99 -99 -99
1878500 45.25 4.75 -99 -99 -99
1880100 42.25 3.75 -99 -99 -99
1891500 33.25 -15.75 -99 -99 -99
1928865 -4.75 10.25 -99 -99 -99
1931180 -3.75 12.25 -99 -99 -99
1931295 -3.25 12.75 -99 -99 -99
1931370 -2.75 11.75 -99 -99 -99
1931400 -2.75 10.75 -99 -99 -99
1931725 -1.25 12.75 -99 -99 -99
1934715 -0.25 13.25 -99 -99 -99
1992900 35.25 -16.25 -99 -99 -99
2106500 126.25 45.75 -99 -99 -99
2106600 126.75 43.75 -99 -99 -99
2151100 91.25 29.25 -99 -99 -99
2178100 116.75 23.25 -99 -99 -99
2178300 115.75 40.25 -99 -99 -99
2178500 118.75 39.75 -99 -99 -99
2180400 102.25 36.25 -99 -99 -99
2180500 108.25 34.75 -99 -99 -99
2180700 111.25 34.75 -99 -99 -99
2180711 106.75 39.25 -99 -99 -99
2180750 112.25 34.75 -99 -99 -99
2180800 113.75 34.75 -99 -99 -99
2181300 101.75 28.25 -99 -99 -99
2181400 108.25 28.75 -99 -99 -99
2181500 96.75 33.25 -99 -99 -99
2181600 111.25 30.75 -99 -99 -99
2181800 114.25 30.75 -99 -99 -99
2181850 114.75 26.75 -99 -99 -99
2181900 117.25 30.75 -99 -99 -99
2181950 117.75 32.75 -99 -99 -99
2182100 108.75 32.75 -99 -99 -99
2186500 108.25 22.75 -99 -99 -99
2186800 111.25 23.25 -99 -99 -99
2186900 113.25 23.75 -99 -99 -99
2186950 114.25 23.25 -99 -99 -99
2217102 68.75 36.25 -99 -99 -99
2217200 69.75 36.75 -99 -99 -99
2218100 63.25 35.25 -99 -99 -99
2218200 63.75 34.25 -99 -99 -99
2218450 66.75 36.75 -99 -99 -99
2240100 71.25 34.25 -99 -99 -99
2240200 70.75 34.75 -99 -99 -99
2260100 95.75 26.25 -99 -99 -99
2260500 96.25 22.25 -99 -99 -99
2261500 96.25 19.25 -99 -99 -99
2335200 72.25 34.25 -99 -99 -99
2335950 68.25 25.25 -99 -99 -99
2337100 71.25 29.25 -99 -99 -99
2423500 48.75 31.75 -99 -99 -99
2423800 50.25 31.75 -99 -99 -99
2428200 50.25 33.75 -99 -99 -99
2428350 51.75 32.25 -99 -99 -99
2469050 102.25 20.25 -99 -99 -99
2469060 102.75 20.75 -99 -99 -99
2469072 102.25 18.25 -99 -99 -99
2469140 102.75 18.25 -99 -99 -99
2469260 105.75 15.25 -99 -99 -99
2548400 81.25 28.75 -99 -99 -99
2548500 81.75 28.75 -99 -99 -99
2549350 83.75 28.25 -99 -99 -99
2549500 84.25 27.75 -99 -99 -99
2550200 87.25 27.75 -99 -99 -99
2550450 86.75 27.25 -99 -99 -99
2569003 105.25 11.75 -99 -99 -99
2587100 141.75 43.25 -99 -99 -99
2588551 140.25 35.75 -99 -99 -99
2589500 138.75 37.25 -99 -99 -99
2595400 44.25 32.75 -99 -99 -99
2595600 43.25 36.25 -99 -99 -99
2595700 44.25 33.25 -99 -99 -99
2651100 89.75 25.25 -99 -99 -99
2677100 127.25 37.75 -99 -99 -99
2694510 128.25 35.25 -99 -99 -99
2706100 110.75 47.25 -99 -99 -99
2707100 99.75 49.75 -99 -99 -99
2707500 103.25 49.25 -99 -99 -99
2707600 103.25 48.75 -99 -99 -99
2707700 106.25 48.75 -99 -99 -99
2744200 89.75 48.75 -99 -99 -99
2836100 74.25 34.25 -99 -99 -99
2837100 74.75 33.25 -99 -99 -99
2839100 75.75 31.75 -99 -99 -99
2846800 87.75 25.25 -99 -99 -99
2851300 91.75 26.25 -99 -99 -99
2851500 92.75 27.25 -99 -99 -99
2853050 72.75 23.25 -99 -99 -99
2853150 73.25 22.75 -99 -99 -99
2853200 73.75 21.75 -99 -99 -99
2853300 73.25 21.25 -99 -99 -99
2853500 79.75 22.75 -99 -99 -99
2854020 86.25 22.75 -99 -99 -99
2854050 86.75 23.75 -99 -99 -99
2854100 75.75 17.25 -99 -99 -99
2854150 75.75 16.25 -99 -99 -99
2854180 77.25 16.75 -99 -99 -99
2854300 80.25 16.75 -99 -99 -99
2854400 77.75 15.75 -99 -99 -99
2854450 77.25 15.25 -99 -99 -99
2854500 79.75 14.25 -99 -99 -99
2854700 76.25 12.25 -99 -99 -99
2854800 78.75 10.75 -99 -99 -99
2855800 84.75 20.75 -99 -99 -99
2856200 76.25 19.25 -99 -99 -99
2856300 77.25 19.25 -99 -99 -99
2856320 77.75 18.75 -99 -99 -99
2856500 79.25 18.75 -99 -99 -99
2856530 79.25 19.75 -99 -99 -99
2856550 79.75 20.25 -99 -99 -99
2856600 80.25 19.25 -99 -99 -99
2856900 81.75 17.25 -99 -99 -99
2876500 127.25 41.25 -99 -99 -99
2893100 125.75 39.25 -99 -99 -99
2901200 168.75 65.25 -99 -99 -99
2901201 172.75 65.25 -99 -99 -99
2901300 166.75 62.25 -99 -99 -99
2902850 161.25 56.25 -99 -99 -99
2903050 114.75 57.75 -99 -99 -99
2903052 112.25 53.25 -99 -99 -99
2903054 116.75 54.75 -99 -99 -99
2903056 115.75 55.75 -99 -99 -99
2903070 135.75 60.75 -99 -99 -99
2903080 134.75 59.75 -99 -99 -99
2903081 135.75 59.25 -99 -99 -99
2903087 130.75 57.75 -99 -99 -99
2903120 117.25 55.25 -99 -99 -99
2903150 134.25 62.25 -99 -99 -99
2903151 131.75 60.75 -99 -99 -99
2903152 127.25 59.75 -99 -99 -99
2903215 114.25 55.25 -99 -99 -99
2903240 114.75 56.25 -99 -99 -99
2903300 108.25 57.25 -99 -99 -99
2903301 107.25 55.25 -99 -99 -99
2903330 105.25 56.75 -99 -99 -99
2903401 125.25 56.75 -99 -99 -99
2903402 127.25 58.25 -99 -99 -99
2903422 105.75 53.75 -99 -99 -99
2903424 105.25 55.25 -99 -99 -99
2903426 108.75 58.25 -99 -99 -99
2903427 112.75 59.75 -99 -99 -99
2903428 120.75 60.25 -99 -99 -99
2903429 129.25 61.75 -99 -99 -99
2903430 126.75 72.25 -99 -99 -99
2903470 126.25 61.75 -99 -99 -99
2903471 124.25 62.25 -99 -99 -99
2903475 128.25 60.75 -99 -99 -99
2903479 123.75 60.25 -99 -99 -99
2903480 121.25 59.25 -99 -99 -99
2903482 120.75 55.25 -99 -99 -99
2903490 119.25 59.75 -99 -99 -99
2903495 120.75 61.25 -99 -99 -99
2903497 119.25 60.75 -99 -99 -99
2903601 135.25 61.75 -99 -99 -99
2903602 132.75 59.25 -99 -99 -99
2903603 127.75 58.75 -99 -99 -99
2903605 123.75 57.75 -99 -99 -99
2903630 116.75 59.75 -99 -99 -99
2903647 111.75 59.75 -99 -99 -99
2903650 113.75 57.25 -99 -99 -99
2903654 112.75 57.75 -99 -99 -99
2903701 117.75 62.25 -99 -99 -99
2903702 113.75 63.25 -99 -99 -99
2903703 112.25 63.25 -99 -99 -99
2903704 109.25 63.75 -99 -99 -99
2903710 120.25 64.25 -99 -99 -99
2903721 116.75 64.75 -99 -99 -99
2903722 114.75 66.25 -99 -99 -99
2903728 112.25 64.75 -99 -99 -99
2903730 116.25 63.25 -99 -99 -99
2903740 109.75 61.75 -99 -99 -99
2906200 117.75 52.25 -99 -99 -99
2906201 120.25 53.25 -99 -99 -99
2906300 130.25 50.25 -99 -99 -99
2906500 129.25 51.75 -99 -99 -99
2906700 134.75 48.25 -99 -99 -99
2906800 133.75 44.75 -99 -99 -99
2906900 137.25 50.25 -99 -99 -99
2906901 140.25 52.25 -99 -99 -99
2907010 109.25 53.75 -99 -99 -99
2907020 108.25 51.75 -99 -99 -99
2907043 108.75 50.75 -99 -99 -99
2907060 106.75 50.75 -99 -99 -99
2907061 109.25 50.25 -99 -99 -99
2907080 105.75 50.75 -99 -99 -99
2907400 107.75 52.25 -99 -99 -99
2907403 106.25 50.25 -99 -99 -99
2908010 96.75 57.25 -99 -99 -99
2908011 98.25 56.25 -99 -99 -99
2908050 94.25 57.75 -99 -99 -99
2908099 102.75 57.75 -99 -99 -99
2908100 93.75 58.25 -99 -99 -99
2908101 98.25 58.25 -99 -99 -99
2908102 101.75 56.25 -99 -99 -99
2908105 104.75 51.75 -99 -99 -99
2908106 110.25 55.75 -99 -99 -99
2908180 102.75 52.75 -99 -99 -99
2908190 102.25 54.25 -99 -99 -99
2908200 100.75 54.25 -99 -99 -99
2908210 104.25 55.75 -99 -99 -99
2908303 99.25 55.25 -99 -99 -99
2908680 99.75 59.25 -99 -99 -99
2909150 86.75 67.25 -99 -99 -99
2909151 87.75 64.75 -99 -99 -99
2909152 90.25 61.75 -99 -99 -99
2909153 92.75 58.25 -99 -99 -99
2909154 92.75 55.75 -99 -99 -99
2909156 91.75 55.25 -99 -99 -99
2909158 91.25 52.75 -99 -99 -99
2909159 92.25 51.75 -99 -99 -99
2909161 94.25 52.25 -99 -99 -99
2909163 96.25 52.25 -99 -99 -99
2909164 95.25 51.75 -99 -99 -99
2909240 91.75 51.75 -99 -99 -99
2909260 91.25 53.25 -99 -99 -99
2909314 92.75 53.75 -99 -99 -99
2909321 94.75 53.75 -99 -99 -99
2909360 94.25 56.25 -99 -99 -99
2909391 93.25 58.75 -99 -99 -99
2909400 92.25 62.25 -99 -99 -99
2909401 96.25 61.75 -99 -99 -99
2909403 103.75 59.25 -99 -99 -99
2909520 84.25 66.25 -99 -99 -99
2909540 86.25 62.75 -99 -99 -99
2909560 88.75 60.25 -99 -99 -99
2909702 107.75 61.25 -99 -99 -99
2909704 100.25 64.25 -99 -99 -99
2909705 89.75 65.25 -99 -99 -99
2909720 98.75 65.25 -99 -99 -99
2910100 73.75 60.25 -99 -99 -99
2910110 73.75 64.75 -99 -99 -99
2910120 68.75 61.75 -99 -99 -99
2910130 70.75 61.75 -99 -99 -99
2910140 71.25 60.25 -99 -99 -99
2910150 72.25 61.75 -99 -99 -99
2910160 74.75 61.75 -99 -99 -99
2910170 79.25 61.25 -99 -99 -99
2910200 81.75 59.75 -99 -99 -99
2910230 84.25 58.25 -99 -99 -99
2910231 87.75 58.75 -99 -99 -99
2910240 79.75 58.75 -99 -99 -99
2910260 82.75 57.75 -99 -99 -99
2910300 84.75 56.75 -99 -99 -99
2910310 85.25 57.75 -99 -99 -99
2910312 86.75 56.75 -99 -99 -99
2910313 88.75 57.25 -99 -99 -99
2910314 90.25 56.25 -99 -99 -99
2910319 90.25 55.25 -99 -99 -99
2910326 87.75 55.75 -99 -99 -99
2910441 86.75 50.25 -99 -99 -99
2910470 85.75 52.75 -99 -99 -99
2910473 87.75 51.75 -99 -99 -99
2910490 87.25 53.75 -99 -99 -99
2910560 83.25 52.75 -99 -99 -99
2910581 84.75 55.25 -99 -99 -99
2910600 80.25 59.25 -99 -99 -99
2910601 83.25 57.75 -99 -99 -99
2910603 82.75 55.25 -99 -99 -99
2910606 81.25 53.75 -99 -99 -99
2910607 83.75 53.25 -99 -99 -99
2910608 85.25 52.25 -99 -99 -99
2910660 84.25 53.75 -99 -99 -99
2911095 69.25 60.75 -99 -99 -99
2911097 68.25 58.25 -99 -99 -99
2911098 71.25 57.75 -99 -99 -99
2911099 74.75 56.75 -99 -99 -99
2911100 73.25 55.25 -99 -99 -99
2911104 78.75 50.75 -99 -99 -99
2911105 81.25 50.25 -99 -99 -99
2911109 85.75 47.75 -99 -99 -99
2911200 69.25 54.75 -99 -99 -99
2911207 66.25 51.25 -99 -99 -99
2911391 74.25 56.75 -99 -99 -99
2911452 73.75 55.25 -99 -99 -99
2911456 79.75 55.75 -99 -99 -99
2911700 68.75 59.75 -99 -99 -99
2911703 64.75 60.25 -99 -99 -99
2911731 70.75 59.75 -99 -99 -99
2911820 84.75 49.75 -99 -99 -99
2912205 63.25 54.25 -99 -99 -99
2912303 66.25 56.25 -99 -99 -99
2912400 65.25 57.25 -99 -99 -99
2912401 63.75 58.25 -99 -99 -99
2912430 65.25 56.75 -99 -99 -99
2912550 61.75 63.75 -99 -99 -99
2912551 61.25 63.25 -99 -99 -99
2912553 60.75 62.25 -99 -99 -99
2912556 64.25 63.25 -99 -99 -99
2912600 66.25 66.25 -99 -99 -99
2912602 68.75 61.25 -99 -99 -99
2912630 65.75 57.75 -99 -99 -99
2912640 68.75 65.75 -99 -99 -99
2912650 61.75 59.25 -99 -99 -99
2912657 61.75 59.75 -99 -99 -99
2912671 65.25 56.25 -99 -99 -99
2912680 64.25 55.75 -99 -99 -99
2913200 64.25 49.75 -99 -99 -99
2913550 74.25 49.75 -99 -99 -99
2914450 78.25 45.25 -99 -99 -99
2916200 67.25 43.75 -99 -99 -99
2916201 62.25 45.75 -99 -99 -99
2916203 69.25 40.25 -99 -99 -99
2916204 65.25 44.75 -99 -99 -99
2916500 69.25 42.25 -99 -99 -99
2916550 69.75 41.75 -99 -99 -99
2916850 72.25 41.25 -99 -99 -99
2916860 73.75 41.25 -99 -99 -99
2916890 76.25 41.25 -99 -99 -99
2917100 59.75 42.25 -99 -99 -99
2917110 65.25 37.75 -99 -99 -99
2917400 67.75 37.75 -99 -99 -99
2917450 68.25 39.25 -99 -99 -99
2917610 68.25 37.75 -99 -99 -99
2917700 71.75 37.75 -99 -99 -99
2917820 72.75 38.25 -99 -99 -99
2917900 69.75 38.75 -99 -99 -99
2917920 70.75 39.25 -99 -99 -99
2917950 68.75 37.25 -99 -99 -99
2919100 55.75 51.75 -99 -99 -99
2919200 51.25 51.25 -99 -99 -99
2919500 57.25 50.25 -99 -99 -99
2964080 100.75 17.75 -99 -99 -99
2964130 100.25 15.25 -99 -99 -99
2964999 99.25 14.75 -99 -99 -99
2969010 100.25 20.75 -99 -99 -99
2969087 102.75 15.25 -99 -99 -99
2969100 104.75 16.75 -99 -99 -99
2969150 104.25 15.75 -99 -99 -99
2969200 104.75 15.25 -99 -99 -99
2998110 136.25 70.75 -99 -99 -99
2998112 133.75 67.75 -99 -99 -99
2998150 131.75 68.75 -99 -99 -99
2998400 147.25 69.75 -99 -99 -99
2998401 141.75 63.75 -99 -99 -99
2998412 141.75 64.75 -99 -99 -99
2998450 154.25 68.75 -99 -99 -99
2998454 150.75 61.75 -99 -99 -99
2998461 132.25 67.25 -99 -99 -99
2998470 135.25 67.75 -99 -99 -99
2998471 135.75 67.25 -99 -99 -99
2998480 133.75 68.75 -99 -99 -99
2998500 153.75 67.25 -99 -99 -99
2998502 151.75 62.25 -99 -99 -99
2998505 147.75 62.25 -99 -99 -99
2998510 158.75 68.75 -99 -99 -99
2998511 146.25 62.75 -99 -99 -99
2998600 144.25 64.25 -99 -99 -99
2998702 164.25 68.25 -99 -99 -99
2998720 161.75 67.75 -99 -99 -99
2998735 162.25 65.75 -99 -99 -99
2998740 156.75 67.25 -99 -99 -99
2998900 -178.75 67.75 -99 -99 -99
2999150 114.25 71.75 -99 -99 -99
2999151 114.25 69.75 -99 -99 -99
2999200 72.75 65.75 -99 -99 -99
2999250 82.25 66.25 -99 -99 -99
2999500 77.75 66.75 -99 -99 -99
2999501 78.25 65.75 -99 -99 -99
2999510 77.25 64.75 -99 -99 -99
2999850 102.25 71.75 -99 -99 -99
2999900 123.25 71.25 -99 -99 -99
2999910 123.75 71.75 -99 -99 -99
2999920 118.25 68.75 -99 -99 -99
2999922 112.75 68.25 -99 -99 -99
3103150 -75.75 5.25 -99 -99 -99
3103300 -74.75 10.25 -99 -99 -99
3103500 -74.75 6.25 -99 -99 -99
3142500 -77.25 1.75 -99 -99 -99
3178800 -71.25 -30.75 -99 -99 -99
3179200 -71.25 -33.75 -99 -99 -99
3179250 -71.25 -34.25 -99 -99 -99
3179500 -72.75 -37.25 -99 -99 -99
3206610 -64.25 5.25 -99 -99 -99
3206720 -63.75 8.25 -99 -99 -99
3264500 -55.75 -27.25 -99 -99 -99
3265005 -65.75 -26.25 -99 -99 -99
3265100 -63.75 -25.75 -99 -99 -99
3265300 -58.75 -27.75 -99 -99 -99
3265601 -60.75 -32.75 -99 -99 -99
3265910 -58.25 -28.75 -99 -99 -99
3268150 -64.25 -23.25 -99 -99 -99
3268270 -64.25 -23.75 -99 -99 -99
3268500 -62.75 -22.25 -99 -99 -99
3268900 -59.75 -25.75 -99 -99 -99
3269300 -57.75 -29.25 -99 -99 -99
3274030 -67.75 -27.75 -99 -99 -99
3274150 -65.25 -27.75 -99 -99 -99
3275050 -69.25 -30.25 -99 -99 -99
3275100 -68.75 -31.25 -99 -99 -99
3275220 -69.25 -32.75 -99 -99 -99
3275700 -69.75 -36.75 -99 -99 -99
3275750 -65.25 -38.75 -99 -99 -99
3275800 -69.75 -38.25 -99 -99 -99
3275900 -70.75 -40.75 -99 -99 -99
3275990 -64.25 -40.25 -99 -99 -99
3276200 -69.25 -43.25 -99 -99 -99
3276320 -69.75 -45.25 -99 -99 -99
3276800 -72.25 -50.25 -99 -99 -99
3308300 -60.75 5.75 -99 -99 -99
3308400 -59.25 6.75 -99 -99 -99
3308600 -58.75 5.25 -99 -99 -99
3411300 -56.25 4.75 -99 -99 -99
3469050 -57.75 -31.25 -99 -99 -99
3469100 -57.25 -33.25 -99 -99 -99
3469150 -56.25 -33.25 -99 -99 -99
3469200 -55.25 -32.25 -99 -99 -99
3512400 -54.25 4.75 -99 -99 -99
3514800 -52.25 3.75 -99 -99 -99
3618053 -67.25 0.75 -99 -99 -99
3618090 -66.75 1.75 -99 -99 -99
3618110 -67.75 1.25 -99 -99 -99
3618500 -60.75 2.25 -99 -99 -99
3618720 -60.75 3.25 -99 -99 -99
3618950 -69.25 0.75 -99 -99 -99
3621200 -66.75 -1.75 -99 -99 -99
3621400 -69.75 -1.25 -99 -99 -99
3622400 -71.25 -4.25 -99 -99 -99
3622401 -72.75 -5.25 -99 -99 -99
3622450 -71.75 -4.75 -99 -99 -99
3622800 -70.25 -5.25 -99 -99 -99
3622801 -70.75 -5.25 -99 -99 -99
3623100 -69.25 -3.25 -99 -99 -99
3624120 -67.25 -5.25 -99 -99 -99
3624122 -70.25 -6.75 -99 -99 -99
3624160 -72.75 -7.75 -99 -99 -99
3624180 -72.75 -9.25 -99 -99 -99
3624200 -67.75 -4.25 -99 -99 -99
3624300 -70.25 -7.25 -99 -99 -99
3625150 -67.75 -9.75 -99 -99 -99
3625310 -62.25 -4.75 -99 -99 -99
3625340 -64.75 -7.25 -99 -99 -99
3625360 -67.25 -8.75 -99 -99 -99
3625370 -68.25 -9.25 -99 -99 -99
3625380 -69.75 -9.25 -99 -99 -99
3627030 -61.25 -5.75 -99 -99 -99
3627040 -64.25 -9.25 -99 -99 -99
3627041 -65.25 -10.25 -99 -99 -99
3627060 -65.75 -9.75 -99 -99 -99
3627110 -65.25 -10.75 -99 -99 -99
3627402 -61.75 -9.25 -99 -99 -99
3627408 -61.75 -11.25 -99 -99 -99
3627650 -60.75 -7.75 -99 -99 -99
3627701 -58.75 -7.25 -99 -99 -99
3627810 -62.75 -13.25 -99 -99 -99
3628100 -56.25 -0.75 -99 -99 -99
3628200 -56.75 -1.25 -99 -99 -99
3628500 -57.25 -1.25 -99 -99 -99
3629000 -55.75 -1.75 -99 -99 -99
3629100 -54.75 -1.75 -99 -99 -99
3629150 -57.75 -6.25 -99 -99 -99
3629180 -58.25 -7.25 -99 -99 -99
3629380 -58.75 -11.75 -99 -99 -99
3629771 -56.25 -9.75 -99 -99 -99
3629772 -55.75 -10.25 -99 -99 -99
3629773 -55.75 -11.75 -99 -99 -99
3629790 -57.75 -8.25 -99 -99 -99
3629900 -58.25 -11.75 -99 -99 -99
3629910 -57.25 -11.75 -99 -99 -99
3630010 -51.75 -3.75 -99 -99 -99
3630050 -52.25 -3.25 -99 -99 -99
3630051 -52.75 -7.25 -99 -99 -99
3630120 -54.25 -4.75 -99 -99 -99
3630150 -54.25 -5.75 -99 -99 -99
3630200 -51.75 -6.75 -99 -99 -99
3630300 -54.25 -1.25 -99 -99 -99
3631050 -51.25 0.75 -99 -99 -99
3631100 -52.75 -0.75 -99 -99 -99
3631210 -53.75 -0.25 -99 -99 -99
3649014 -49.25 -14.75 -99 -99 -99
3649030 -48.75 -14.75 -99 -99 -99
3649130 -46.75 -13.75 -99 -99 -99
3649211 -48.75 -12.25 -99 -99 -99
3649240 -48.25 -11.75 -99 -99 -99
3649250 -48.75 -11.25 -99 -99 -99
3649310 -47.25 -7.75 -99 -99 -99
3649320 -47.75 -9.75 -99 -99 -99
3649412 -51.75 -15.75 -99 -99 -99
3649414 -50.75 -12.25 -99 -99 -99
3649416 -49.25 -8.25 -99 -99 -99
3649418 -48.75 -6.75 -99 -99 -99
3649459 -51.75 -16.25 -99 -99 -99
3649614 -53.25 -15.25 -99 -99 -99
3649619 -51.25 -12.25 -99 -99 -99
3649900 -49.25 -5.25 -99 -99 -99
3649902 -47.25 -5.75 -99 -99 -99
3649905 -48.25 -8.25 -99 -99 -99
3649950 -49.75 -3.75 -99 -99 -99
3649960 -49.25 -5.75 -99 -99 -99
3650150 -47.75 -3.25 -99 -99 -99
3650202 -46.25 -2.25 -99 -99 -99
3650285 -45.25 -3.25 -99 -99 -99
3650335 -44.75 -4.75 -99 -99 -99
3650355 -43.75 -5.25 -99 -99 -99
3650359 -44.25 -4.25 -99 -99 -99
3650385 -43.75 -3.25 -99 -99 -99
3650455 -42.75 -7.75 -99 -99 -99
3650460 -41.25 -7.25 -99 -99 -99
3650470 -42.25 -5.75 -99 -99 -99
3650471 -41.25 -4.75 -99 -99 -99
3650477 -41.75 -3.75 -99 -99 -99
3650480 -42.75 -3.75 -99 -99 -99
3650488 -45.75 -8.25 -99 -99 -99
3650525 -40.25 -3.75 -99 -99 -99
3650634 -38.75 -5.25 -99 -99 -99
3650645 -39.75 -6.75 -99 -99 -99
3650649 -38.75 -5.75 -99 -99 -99
3650750 -37.25 -6.75 -99 -99 -99
3650885 -35.25 -7.25 -99 -99 -99
3651309 -44.75 -17.75 -99 -99 -99
3651408 -45.75 -17.25 -99 -99 -99
3651535 -44.75 -14.25 -99 -99 -99
3651678 -43.75 -11.25 -99 -99 -99
3651680 -44.25 -11.25 -99 -99 -99
3651800 -40.75 -9.25 -99 -99 -99
3651805 -44.25 -15.25 -99 -99 -99
3651806 -43.25 -13.75 -99 -99 -99
3651807 -43.25 -11.75 -99 -99 -99
3651900 -37.25 -9.75 -99 -99 -99
3652030 -39.75 -10.75 -99 -99 -99
3652039 -38.25 -11.25 -99 -99 -99
3652050 -37.75 -10.75 -99 -99 -99
3652068 -39.25 -11.75 -99 -99 -99
3652135 -39.25 -12.75 -99 -99 -99
3652220 -40.25 -13.75 -99 -99 -99
3652320 -39.75 -15.75 -99 -99 -99
3652419 -42.25 -17.25 -99 -99 -99
3652450 -40.25 -16.25 -99 -99 -99
3652500 -40.75 -17.75 -99 -99 -99
3652600 -40.75 -19.25 -99 -99 -99
3652890 -41.25 -21.75 -99 -99 -99
3653120 -48.75 -24.75 -99 -99 -99
3653352 -49.25 -26.75 -99 -99 -99
3653400 -51.75 -29.75 -99 -99 -99
3659009 -50.25 -18.75 -99 -99 -99
3659500 -50.25 -17.75 -99 -99 -99
3662100 -51.75 -20.75 -99 -99 -99
3662300 -53.25 -21.75 -99 -99 -99
3663100 -54.25 -24.25 -99 -99 -99
3663200 -53.25 -24.25 -99 -99 -99
3663655 -52.25 -23.25 -99 -99 -99
3663700 -50.75 -23.75 -99 -99 -99
3664150 -52.75 -25.75 -99 -99 -99
3664160 -54.25 -25.75 -99 -99 -99
3664802 -50.75 -26.25 -99 -99 -99
3666050 -57.75 -15.75 -99 -99 -99
3666200 -55.75 -17.25 -99 -99 -99
3666400 -56.75 -17.25 -99 -99 -99
3666500 -54.75 -16.75 -99 -99 -99
3667020 -57.25 -19.75 -99 -99 -99
3667060 -57.75 -21.25 -99 -99 -99
3667100 -55.75 -19.75 -99 -99 -99
3667200 -56.25 -20.75 -99 -99 -99
3667300 -54.75 -18.25 -99 -99 -99
3667400 -57.25 -22.25 -99 -99 -99
3669600 -55.75 -29.25 -99 -99 -99
3669700 -51.75 -27.25 -99 -99 -99
4101501 -152.25 69.25 -99 -99 -99
4101900 -160.25 66.75 -99 -99 -99
4102100 -157.75 61.75 -99 -99 -99
4102700 -144.25 61.25 -99 -99 -99
4102740 -157.25 59.75 -99 -99 -99
4102800 -150.25 61.75 -99 -99 -99
4103200 -163.25 62.25 -99 -99 -99
4103300 -158.75 64.25 -99 -99 -99
4103450 -155.75 64.75 -99 -99 -99
4103500 -154.25 65.75 -99 -99 -99
4103560 -146.75 67.25 -99 -99 -99
4103600 -148.75 64.75 -99 -99 -99
4103700 -143.25 67.25 -99 -99 -99
4103750 -143.75 63.75 -99 -99 -99
4103800 -141.25 64.75 -99 -99 -99
4103820 -141.25 64.25 -99 -99 -99
4113300 -96.75 47.75 -99 -99 -99
4113302 -96.75 47.25 -99 -99 -99
4113363 -97.25 46.25 -99 -99 -99
4114615 -79.25 49.75 -99 -99 -99
4115101 -122.75 45.25 -99 -99 -99
4115200 -121.25 45.75 -99 -99 -99
4115202 -119.75 46.75 -99 -99 -99
4115205 -119.75 48.25 -99 -99 -99
4115206 -118.25 47.75 -99 -99 -99
4115220 -120.25 44.75 -99 -99 -99
4115280 -121.25 45.25 -99 -99 -99
4115305 -120.25 49.25 -99 -99 -99
4115332 -114.25 47.75 -99 -99 -99
4115349 -113.75 46.75 -99 -99 -99
4115400 -117.25 47.75 -99 -99 -99
4116180 -117.25 46.25 -99 -99 -99
4116184 -117.25 44.25 -99 -99 -99
4116185 -116.75 43.75 -99 -99 -99
4116187 -115.25 42.75 -99 -99 -99
4116300 -116.75 46.25 -99 -99 -99
4116330 -116.25 45.75 -99 -99 -99
4116450 -117.25 43.25 -99 -99 -99
4118410 -116.25 40.75 -99 -99 -99
4118440 -117.75 40.75 -99 -99 -99
4118850 -111.75 39.25 -99 -99 -99
4119080 -92.75 45.75 -99 -99 -99
4119100 -93.25 44.75 -99 -99 -99
4119101 -93.75 46.75 -99 -99 -99
4119280 -92.25 40.75 -99 -99 -99
4119300 -91.25 40.75 -99 -99 -99
4119400 -90.25 39.75 -99 -99 -99
4119401 -89.25 41.25 -99 -99 -99
4119440 -91.75 44.75 -99 -99 -99
4119450 -89.75 43.25 -99 -99 -99
4119460 -93.75 44.75 -99 -99 -99
4119650 -90.25 42.25 -99 -99 -99
4119800 -90.25 39.25 -99 -99 -99
4120120 -107.75 45.75 -99 -99 -99
4120200 -106.75 48.25 -99 -99 -99
4120321 -108.75 46.25 -99 -99 -99
4120330 -111.75 45.75 -99 -99 -99
4120900 -104.75 48.25 -99 -99 -99
4120901 -106.25 47.75 -99 -99 -99
4120902 -110.25 47.75 -99 -99 -99
4120950 -104.25 47.75 -99 -99 -99
4120951 -108.75 45.75 -99 -99 -99
4120956 -108.25 43.25 -99 -99 -99
4121100 -103.75 47.25 -99 -99 -99
4121131 -101.25 45.25 -99 -99 -99
4121141 -102.25 44.25 -99 -99 -99
4121142 -102.75 43.75 -99 -99 -99
4121160 -99.75 43.75 -99 -99 -99
4121300 -97.75 43.75 -99 -99 -99
4121321 -96.75 44.25 -99 -99 -99
4121341 -95.75 42.25 -99 -99 -99
4121420 -100.75 45.75 -99 -99 -99
4121800 -97.75 42.75 -99 -99 -99
4121802 -100.75 47.25 -99 -99 -99
4122131 -104.25 40.25 -99 -99 -99
4122151 -106.75 41.75 -99 -99 -99
4122152 -104.25 42.25 -99 -99 -99
4122222 -97.25 38.75 -99 -99 -99
4122251 -93.25 39.75 -99 -99 -99
4122300 -93.25 38.25 -99 -99 -99
4122350 -97.25 39.25 -99 -99 -99
4122351 -100.25 40.25 -99 -99 -99
4122600 -96.25 41.25 -99 -99 -99
4122602 -98.25 40.75 -99 -99 -99
4122630 -98.25 41.25 -99 -99 -99
4122650 -95.75 40.75 -99 -99 -99
4122710 -95.25 39.25 -99 -99 -99
4122900 -91.75 38.75 -99 -99 -99
4122901 -92.75 38.75 -99 -99 -99
4122902 -94.75 39.25 -99 -99 -99
4123050 -88.75 37.25 -99 -99 -99
4123060 -88.25 36.75 -99 -99 -99
4123063 -85.25 35.25 -99 -99 -99
4123081 -86.25 36.25 -99 -99 -99
4123130 -87.75 38.25 -99 -99 -99
4123131 -86.75 40.25 -99 -99 -99
4123207 -86.75 38.75 -99 -99 -99
4123268 -80.75 37.75 -99 -99 -99
4123300 -85.25 38.75 -99 -99 -99
4123301 -80.75 40.25 -99 -99 -99
4123352 -79.75 40.75 -99 -99 -99
4123400 -81.75 39.75 -99 -99 -99
4125027 -95.25 37.25 -99 -99 -99
4125050 -95.75 36.25 -99 -99 -99
4125060 -96.75 36.25 -99 -99 -99
4125064 -100.25 37.25 -99 -99 -99
4125500 -95.75 35.75 -99 -99 -99
4125550 -95.25 35.25 -99 -99 -99
4125551 -100.75 35.75 -99 -99 -99
4125560 -100.25 36.75 -99 -99 -99
4125800 -92.25 34.75 -99 -99 -99
4125801 -97.25 37.25 -99 -99 -99
4125900 -91.25 35.25 -99 -99 -99
4125902 -91.75 35.75 -99 -99 -99
4126700 -92.25 32.25 -99 -99 -99
4126800 -92.75 31.75 -99 -99 -99
4126801 -94.75 33.75 -99 -99 -99
4126803 -98.75 34.25 -99 -99 -99
4126804 -96.75 33.75 -99 -99 -99
4126805 -97.25 33.75 -99 -99 -99
4127200 -89.75 38.25 -99 -99 -99
4127500 -91.25 33.25 -99 -99 -99
4127502 -89.75 37.75 -99 -99 -99
4127800 -91.25 32.25 -99 -99 -99
4133200 -88.25 44.25 -99 -99 -99
4133400 -87.75 45.75 -99 -99 -99
4133750 -85.25 42.75 -99 -99 -99
4135200 -84.25 41.25 -99 -99 -99
4143550 -75.25 44.75 -99 -99 -99
4145700 -123.25 43.25 -99 -99 -99
4145900 -123.75 42.75 -99 -99 -99
4146110 -123.75 41.25 -99 -99 -99
4146112 -121.75 42.25 -99 -99 -99
4146280 -121.75 38.75 -99 -99 -99
4146360 -121.25 37.75 -99 -99 -99
4147010 -68.75 45.25 -99 -99 -99
4147051 -69.75 44.75 -99 -99 -99
4147380 -71.75 42.75 -99 -99 -99
4147460 -72.75 42.25 -99 -99 -99
4147500 -73.75 42.75 -99 -99 -99
4147600 -74.75 40.25 -99 -99 -99
4147703 -76.25 39.75 -99 -99 -99
4147704 -76.25 41.75 -99 -99 -99
4147725 -76.75 41.25 -99 -99 -99
4147900 -77.25 39.25 -99 -99 -99
4148050 -77.75 37.75 -99 -99 -99
4148090 -77.75 36.25 -99 -99 -99
4148232 -78.25 34.25 -99 -99 -99
4148300 -79.75 34.25 -99 -99 -99
4148541 -80.75 34.75 -99 -99 -99
4148650 -81.25 32.75 -99 -99 -99
4148720 -82.25 31.75 -99 -99 -99
4149120 -89.75 31.25 -99 -99 -99
4149300 -88.75 31.25 -99 -99 -99
4149400 -87.25 31.75 -99 -99 -99
4149413 -88.25 31.75 -99 -99 -99
4149420 -87.25 31.25 -99 -99 -99
4149440 -86.25 32.75 -99 -99 -99
4149632 -85.25 30.25 -99 -99 -99
4149670 -85.25 33.25 -99 -99 -99
4149780 -83.25 30.25 -99 -99 -99
4150281 -98.25 28.25 -99 -99 -99
4150330 -97.75 28.75 -99 -99 -99
4150452 -100.25 31.75 -99 -99 -99
4150500 -95.75 29.75 -99 -99 -99
4150501 -97.25 31.75 -99 -99 -99
4150503 -99.75 33.25 -99 -99 -99
4150600 -95.25 30.75 -99 -99 -99
4150680 -94.25 30.75 -99 -99 -99
4150700 -93.75 30.75 -99 -99 -99
4151511 -104.25 33.25 -99 -99 -99
4151514 -104.75 35.25 -99 -99 -99
4151800 -99.75 27.75 -99 -99 -99
4151801 -107.25 33.25 -99 -99 -99
4151802 -106.25 35.75 -99 -99 -99
4152100 -114.75 32.75 -99 -99 -99
4152103 -114.75 35.75 -99 -99 -99
4152202 -113.75 32.75 -99 -99 -99
4152400 -111.75 34.75 -99 -99 -99
4152450 -111.75 36.75 -99 -99 -99
4152460 -109.25 38.75 -99 -99 -99
4152465 -111.25 35.75 -99 -99 -99
4152466 -109.75 34.75 -99 -99 -99
4152550 -110.25 39.25 -99 -99 -99
4152551 -109.25 40.25 -99 -99 -99
4152553 -110.25 42.25 -99 -99 -99
4152590 -108.75 40.25 -99 -99 -99
4152601 -108.75 36.75 -99 -99 -99
4152602 -107.75 36.75 -99 -99 -99
4152620 -110.75 38.25 -99 -99 -99
4152650 -107.75 38.75 -99 -99 -99
4202100 -137.75 60.25 -99 -99 -99
4202600 -133.25 58.75 -99 -99 -99
4203050 -139.75 67.75 -99 -99 -99
4203152 -139.25 63.25 -99 -99 -99
4203200 -139.75 63.75 -99 -99 -99
4203250 -139.25 62.75 -99 -99 -99
4203500 -136.75 62.75 -99 -99 -99
4203501 -132.75 62.25 -99 -99 -99
4203760 -134.75 61.25 -99 -99 -99
4203900 -135.25 61.25 -99 -99 -99
4204100 -130.75 58.25 -99 -99 -99
4204900 -131.75 56.75 -99 -99 -99
4206100 -129.25 55.25 -99 -99 -99
4206250 -128.25 54.75 -99 -99 -99
4206920 -127.75 56.25 -99 -99 -99
4207150 -124.25 54.25 -99 -99 -99
4207180 -123.75 54.25 -99 -99 -99
4207190 -122.75 54.25 -99 -99 -99
4207250 -123.25 53.25 -99 -99 -99
4207305 -122.75 51.75 -99 -99 -99
4207310 -122.25 52.75 -99 -99 -99
4207800 -121.25 50.25 -99 -99 -99
4207830 -120.25 51.25 -99 -99 -99
4207900 -121.25 49.75 -99 -99 -99
4208005 -121.25 61.75 -99 -99 -99
4208025 -133.25 67.25 -99 -99 -99
4208040 -134.75 67.25 -99 -99 -99
4208065 -133.25 66.75 -99 -99 -99
4208150 -126.75 65.25 -99 -99 -99
4208160 -123.25 65.25 -99 -99 -99
4208168 -117.75 65.25 -99 -99 -99
4208170 -121.75 64.25 -99 -99 -99
4208200 -123.75 62.75 -99 -99 -99
4208255 -127.75 59.25 -99 -99 -99
4208270 -126.25 59.25 -99 -99 -99
4208271 -121.75 61.25 -99 -99 -99
4208274 -127.75 59.75 -99 -99 -99
4208275 -128.75 60.25 -99 -99 -99
4208280 -123.25 60.25 -99 -99 -99
4208300 -117.25 61.25 -99 -99 -99
4208311 -125.25 63.75 -99 -99 -99
4208356 -115.75 63.75 -99 -99 -99
4208360 -122.75 58.75 -99 -99 -99
4208400 -111.75 59.75 -99 -99 -99
4208410 -107.75 63.25 -99 -99 -99
4208420 -111.25 60.25 -99 -99 -99
4208440 -116.25 60.25 -99 -99 -99
4208450 -112.75 59.25 -99 -99 -99
4208456 -120.25 56.25 -99 -99 -99
4208457 -120.75 56.25 -99 -99 -99
4208470 -114.75 60.75 -99 -99 -99
4208477 -117.25 60.75 -99 -99 -99
4208550 -122.25 56.25 -99 -99 -99
4208596 -119.25 55.25 -99 -99 -99
4208630 -117.25 56.25 -99 -99 -99
4208640 -117.75 55.75 -99 -99 -99
4208645 -117.25 55.25 -99 -99 -99
4208730 -111.25 56.75 -99 -99 -99
4208733 -116.75 54.25 -99 -99 -99
4208821 -115.25 57.25 -99 -99 -99
4208870 -113.25 54.75 -99 -99 -99
4208880 -110.75 56.75 -99 -99 -99
4208971 -105.75 59.25 -99 -99 -99
4208987 -108.25 58.75 -99 -99 -99
4209150 -128.75 68.25 -99 -99 -99
4209155 -129.25 68.25 -99 -99 -99
4209400 -114.25 65.25 -99 -99 -99
4209401 -115.75 67.25 -99 -99 -99
4209550 -108.75 66.75 -99 -99 -99
4209600 -104.25 67.25 -99 -99 -99
4209800 -96.75 66.25 -99 -99 -99
4209810 -104.75 64.75 -99 -99 -99
4209850 -93.75 67.25 -99 -99 -99
4213031 -113.75 53.25 -99 -99 -99
4213047 -111.75 50.25 -99 -99 -99
4213202 -101.75 50.75 -99 -99 -99
4213211 -94.25 48.75 -99 -99 -99
4213250 -110.75 49.75 -99 -99 -99
4213290 -110.25 53.25 -99 -99 -99
4213300 -109.75 53.75 -99 -99 -99
4213400 -106.75 51.75 -99 -99 -99
4213440 -105.75 53.25 -99 -99 -99
4213551 -99.75 53.25 -99 -99 -99
4213552 -103.75 53.75 -99 -99 -99
4213562 -112.75 51.75 -99 -99 -99
4213576 -101.75 51.25 -99 -99 -99
4213590 -100.25 49.25 -99 -99 -99
4213603 -99.75 51.75 -99 -99 -99
4213650 -97.75 49.75 -99 -99 -99
4213680 -97.25 48.75 -99 -99 -99
4213681 -96.75 50.25 -99 -99 -99
4213720 -96.75 55.75 -99 -99 -99
4213802 -96.25 50.75 -99 -99 -99
4213804 -94.75 49.75 -99 -99 -99
4213890 -92.25 48.25 -99 -99 -99
4213911 -92.75 50.25 -99 -99 -99
4214010 -99.75 64.25 -99 -99 -99
4214025 -92.75 56.25 -99 -99 -99
4214035 -69.75 57.75 -99 -99 -99
4214040 -69.25 57.25 -99 -99 -99
4214050 -101.75 64.25 -99 -99 -99
4214051 -97.25 64.75 -99 -99 -99
4214070 -98.75 60.75 -99 -99 -99
4214080 -85.25 53.25 -99 -99 -99
4214090 -95.75 63.75 -99 -99 -99
4214100 -93.75 64.25 -99 -99 -99
4214105 -96.75 58.75 -99 -99 -99
4214107 -98.75 58.75 -99 -99 -99
4214210 -110.75 54.25 -99 -99 -99
4214261 -97.25 57.25 -99 -99 -99
4214262 -100.25 56.25 -99 -99 -99
4214263 -102.75 55.75 -99 -99 -99
4214265 -107.75 55.75 -99 -99 -99
4214270 -95.25 57.75 -99 -99 -99
4214285 -103.25 56.25 -99 -99 -99
4214350 -94.25 54.75 -99 -99 -99
4214351 -92.25 56.25 -99 -99 -99
4214390 -91.75 53.25 -99 -99 -99
4214440 -88.25 55.25 -99 -99 -99
4214450 -87.25 54.25 -99 -99 -99
4214520 -84.25 51.25 -99 -99 -99
4214531 -82.25 50.25 -99 -99 -99
4214550 -81.25 50.75 -99 -99 -99
4214621 -77.25 49.25 -99 -99 -99
4214650 -77.25 49.75 -99 -99 -99
4214670 -75.75 50.75 -99 -99 -99
4214680 -76.75 51.25 -99 -99 -99
4214700 -78.25 52.25 -99 -99 -99
4214701 -74.75 52.25 -99 -99 -99
4214750 -74.25 53.75 -99 -99 -99
4214760 -73.75 53.25 -99 -99 -99
4214770 -78.75 53.75 -99 -99 -99
4214801 -76.75 55.25 -99 -99 -99
4214900 -67.75 57.75 -99 -99 -99
4214930 -72.25 59.75 -99 -99 -99
4214940 -70.25 58.75 -99 -99 -99
4214950 -65.75 57.75 -99 -99 -99
4215200 -117.75 49.25 -99 -99 -99
4215210 -117.75 48.75 -99 -99 -99
4215320 -116.25 48.75 -99 -99 -99
4215705 -115.75 49.75 -99 -99 -99
4231200 -68.75 47.25 -99 -99 -99
4231630 -67.25 46.25 -99 -99 -99
4234010 -84.75 46.75 -99 -99 -99
4234400 -80.25 46.25 -99 -99 -99
4236010 -79.25 43.25 -99 -99 -99
4243050 -79.25 46.75 -99 -99 -99
4243100 -76.25 45.25 -99 -99 -99
4243101 -74.25 45.75 -99 -99 -99
4243240 -73.25 45.25 -99 -99 -99
4243300 -72.75 46.75 -99 -99 -99
4243400 -71.75 48.25 -99 -99 -99
4243410 -71.75 48.75 -99 -99 -99
4243580 -68.75 49.75 -99 -99 -99
4243605 -68.25 49.75 -99 -99 -99
4243800 -66.25 50.75 -99 -99 -99
4244500 -61.25 53.25 -99 -99 -99
4244501 -64.25 53.75 -99 -99 -99
4244635 -61.75 50.75 -99 -99 -99
4244660 -59.75 51.25 -99 -99 -99
4351900 -97.75 26.25 -99 -99 -99
4355300 -108.75 26.25 -99 -99 -99
4356080 -105.25 22.25 -99 -99 -99
4356100 -104.75 21.75 -99 -99 -99
4356700 -97.75 16.25 -99 -99 -99
4358300 -98.75 21.75 -99 -99 -99
4359220 -96.25 18.25 -99 -99 -99
4362202 -93.25 17.75 -99 -99 -99
4362600 -91.25 17.25 -99 -99 -99
4462300 -90.75 15.75 -99 -99 -99
4462700 -90.75 17.25 -99 -99 -99
4664800 -88.75 13.75 -99 -99 -99
4772300 -84.75 13.25 -99 -99 -99
4773800 -84.75 11.25 -99 -99 -99
5101200 147.25 -19.75 -99 -99 -99
5101301 150.25 -23.25 -99 -99 -99
5101470 151.75 -25.25 -99 -99 -99
5101500 152.75 -27.25 -99 -99 -99
5104245 144.75 -28.75 -99 -99 -99
5109110 138.75 -18.75 -99 -99 -99
5109151 140.75 -18.25 -99 -99 -99
5109161 141.25 -18.25 -99 -99 -99
5109170 143.25 -18.25 -99 -99 -99
5109200 142.75 -16.25 -99 -99 -99
5109210 139.75 -18.75 -99 -99 -99
5141200 111.75 -7.25 -99 -99 -99
5202044 152.75 -29.25 -99 -99 -99
5202070 152.25 -30.75 -99 -99 -99
5202102 151.25 -32.75 -99 -99 -99
5204102 146.75 -34.75 -99 -99 -99
5204250 145.25 -30.25 -99 -99 -99
5204251 142.25 -33.75 -99 -99 -99
5204255 146.25 -29.75 -99 -99 -99
5204268 141.75 -34.25 -99 -99 -99
5204300 144.75 -33.75 -99 -99 -99
5204301 148.25 -33.25 -99 -99 -99
5204400 147.75 -31.75 -99 -99 -99
5204452 148.75 -29.25 -99 -99 -99
5223100 102.25 5.75 -99 -99 -99
5224500 102.25 3.75 -99 -99 -99
5230300 112.75 2.25 -99 -99 -99
5231700 117.75 5.25 -99 -99 -99
5302229 148.25 -37.25 -99 -99 -99
5302400 141.25 -37.75 -99 -99 -99
5304140 143.75 -35.25 -99 -99 -99
5410100 140.75 -27.75 -99 -99 -99
5606100 115.75 -33.75 -99 -99 -99
5607100 114.25 -27.75 -99 -99 -99
5607200 114.25 -24.75 -99 -99 -99
5607400 115.75 -22.75 -99 -99 -99
5607450 116.75 -21.25 -99 -99 -99
5607500 119.75 -20.75 -99 -99 -99
5608023 126.25 -17.75 -99 -99 -99
5608024 125.75 -18.25 -99 -99 -99
5608090 128.75 -16.25 -99 -99 -99
5608095 128.75 -17.75 -99 -99 -99
5608500 126.75 -15.25 -99 -99 -99
5708110 131.25 -15.75 -99 -99 -99
5708145 131.25 -13.75 -99 -99 -99
5709100 134.25 -14.75 -99 -99 -99
5865300 175.75 -38.25 -99 -99 -99
5868100 169.25 -45.75 -99 -99 -99
6112090 -7.75 41.25 -99 -99 -99
6113050 -8.25 39.25 -99 -99 -99
6116200 -7.75 38.25 -99 -99 -99
6122100 1.75 49.25 -99 -99 -99
6122300 2.25 48.75 -99 -99 -99
6123100 -0.75 47.25 -99 -99 -99
6123300 1.75 47.75 -99 -99 -99
6125100 0.25 44.25 -99 -99 -99
6139100 4.75 43.75 -99 -99 -99
6139390 4.75 45.75 -99 -99 -99
6140400 14.25 50.75 -99 -99 -99
6142200 16.75 48.25 -99 -99 -99
6142620 17.75 48.75 -99 -99 -99
6211100 -7.75 42.25 -99 -99 -99
6212400 -5.25 41.25 -99 -99 -99
6212420 -6.25 41.75 -99 -99 -99
6213700 -4.75 39.75 -99 -99 -99
6213750 -3.75 40.25 -99 -99 -99
6217100 -5.75 37.75 -99 -99 -99
6226400 -1.25 41.75 -99 -99 -99
6226600 0.75 41.75 -99 -99 -99
6226650 0.25 41.75 -99 -99 -99
6226800 0.75 41.25 -99 -99 -99
6227500 -0.75 39.25 -99 -99 -99
6229500 12.25 58.25 -99 -99 -99
6233201 17.75 60.75 -99 -99 -99
6233221 17.25 61.25 -99 -99 -99
6233301 16.25 58.25 -99 -99 -99
6233401 17.25 62.75 -99 -99 -99
6233410 17.75 59.25 -99 -99 -99
6233502 20.25 63.75 -99 -99 -99
6233551 16.75 62.25 -99 -99 -99
6233650 17.25 63.25 -99 -99 -99
6233690 20.75 64.75 -99 -99 -99
6233710 21.25 65.75 -99 -99 -99
6233750 21.25 66.25 -99 -99 -99
6233850 23.25 65.75 -99 -99 -99
6233901 23.75 67.25 -99 -99 -99
6233910 24.25 65.75 -99 -99 -99
6242100 13.75 48.25 -99 -99 -99
6242500 16.25 48.25 -99 -99 -99
6335070 7.75 50.25 -99 -99 -99
6335150 8.25 49.75 -99 -99 -99
6335200 8.25 48.75 -99 -99 -99
6335304 8.75 50.25 -99 -99 -99
6335600 9.25 49.25 -99 -99 -99
6336500 6.25 49.75 -99 -99 -99
6337250 9.75 52.75 -99 -99 -99
6337517 8.75 52.25 -99 -99 -99
6340110 11.25 53.25 -99 -99 -99
6340160 11.75 52.25 -99 -99 -99
6340170 12.25 51.75 -99 -99 -99
6342500 10.75 48.75 -99 -99 -99
6342800 12.75 48.75 -99 -99 -99
6342925 12.25 48.75 -99 -99 -99
6343100 12.25 48.25 -99 -99 -99
6348400 9.25 45.25 -99 -99 -99
6348800 11.25 45.25 -99 -99 -99
6349500 11.25 45.75 -99 -99 -99
6351500 12.75 42.25 -99 -99 -99
6357010 14.25 52.75 -99 -99 -99
6357500 14.75 51.75 -99 -99 -99
6421500 5.75 50.75 -99 -99 -99
6435060 6.25 51.75 -99 -99 -99
6442500 18.75 47.75 -99 -99 -99
6444100 20.25 46.25 -99 -99 -99
6444200 20.25 47.25 -99 -99 -99
6457810 16.25 52.75 -99 -99 -99
6458010 18.75 53.75 -99 -99 -99
6458450 20.75 50.25 -99 -99 -99
6458500 21.25 51.75 -99 -99 -99
6458550 21.75 52.75 -99 -99 -99
6458600 22.25 50.25 -99 -99 -99
6458810 21.75 53.25 -99 -99 -99
6502100 -8.25 52.75 -99 -99 -99
6542100 18.75 46.25 -99 -99 -99
6542500 20.75 44.75 -99 -99 -99
6545050 15.25 46.25 -99 -99 -99
6545800 19.75 44.75 -99 -99 -99
6546610 15.75 46.75 -99 -99 -99
6546800 17.75 45.75 -99 -99 -99
6547500 21.25 44.25 -99 -99 -99
6607650 -0.25 51.25 -99 -99 -99
6667300 27.75 38.75 -99 -99 -99
6667400 27.75 37.75 -99 -99 -99
6688150 30.25 40.75 -99 -99 -99
6688600 35.75 41.25 -99 -99 -99
6688650 36.75 40.75 -99 -99 -99
6688900 41.75 41.25 -99 -99 -99
6691650 35.75 37.25 -99 -99 -99
6695200 38.75 38.75 -99 -99 -99
6695250 38.75 39.75 -99 -99 -99
6695400 40.25 38.75 -99 -99 -99
6730500 27.75 70.25 -99 -99 -99
6731310 10.25 59.75 -99 -99 -99
6731400 11.25 59.75 -99 -99 -99
6731401 11.75 60.75 -99 -99 -99
6742450 24.25 44.25 -99 -99 -99
6742700 27.25 45.75 -99 -99 -99
6742800 27.75 44.75 -99 -99 -99
6742900 28.75 45.25 -99 -99 -99
6744200 21.75 46.25 -99 -99 -99
6744500 23.25 47.75 -99 -99 -99
6842400 23.25 43.75 -99 -99 -99
6842800 26.25 43.75 -99 -99 -99
6842900 27.25 44.25 -99 -99 -99
6854100 22.75 61.25 -99 -99 -99
6854500 25.75 64.75 -99 -99 -99
6854600 26.25 65.25 -99 -99 -99
6854700 24.75 66.25 -99 -99 -99
6854701 27.25 66.25 -99 -99 -99
6854710 25.25 66.75 -99 -99 -99
6855200 26.75 60.75 -99 -99 -99
6855250 25.75 62.25 -99 -99 -99
6855400 28.75 61.25 -99 -99 -99
6855401 30.25 62.75 -99 -99 -99
6855402 27.75 62.75 -99 -99 -99
6864050 23.25 41.75 -99 -99 -99
6865500 25.75 42.25 -99 -99 -99
6935054 8.75 47.75 -99 -99 -99
6935302 7.25 47.25 -99 -99 -99
6939050 5.75 46.25 -99 -99 -99
6944250 23.25 48.25 -99 -99 -99
6970100 38.25 63.75 -99 -99 -99
6970102 39.25 62.25 -99 -99 -99
6970103 38.75 61.25 -99 -99 -99
6970250 41.75 64.25 -99 -99 -99
6970251 42.25 63.25 -99 -99 -99
6970252 45.25 61.75 -99 -99 -99
6970270 42.75 62.25 -99 -99 -99
6970272 42.25 60.75 -99 -99 -99
6970400 43.25 64.75 -99 -99 -99
6970402 46.75 63.25 -99 -99 -99
6970460 45.25 60.75 -99 -99 -99
6970462 39.75 59.75 -99 -99 -99
6970500 45.75 64.75 -99 -99 -99
6970501 48.75 63.75 -99 -99 -99
6970520 46.25 64.25 -99 -99 -99
6970560 45.75 65.75 -99 -99 -99
6970680 47.75 61.25 -99 -99 -99
6970681 50.75 61.75 -99 -99 -99
6970682 53.75 61.75 -99 -99 -99
6970700 52.25 67.75 -99 -99 -99
6970701 52.25 65.25 -99 -99 -99
6970702 55.25 66.25 -99 -99 -99
6970703 57.75 64.25 -99 -99 -99
6970704 56.25 62.75 -99 -99 -99
6970720 50.75 62.25 -99 -99 -99
6970770 47.25 60.75 -99 -99 -99
6970810 51.25 65.25 -99 -99 -99
6970850 59.75 66.25 -99 -99 -99
6970851 61.25 66.25 -99 -99 -99
6970901 53.75 64.25 -99 -99 -99
6971130 31.25 68.75 -99 -99 -99
6971400 35.75 68.75 -99 -99 -99
6971450 40.75 67.25 -99 -99 -99
6972135 34.75 64.25 -99 -99 -99
6972350 28.25 59.25 -99 -99 -99
6972430 30.75 59.75 -99 -99 -99
6972610 34.75 61.25 -99 -99 -99
6972801 34.75 64.75 -99 -99 -99
6973300 26.75 55.75 -99 -99 -99
6974150 23.25 55.25 -99 -99 -99
6975010 38.75 58.25 -99 -99 -99
6975080 34.75 56.25 -99 -99 -99
6975110 41.75 55.25 -99 -99 -99
6975140 36.75 54.25 -99 -99 -99
6975200 46.25 55.25 -99 -99 -99
6975500 44.25 58.25 -99 -99 -99
6976100 52.25 55.75 -99 -99 -99
6976200 50.25 58.75 -99 -99 -99
6976400 55.25 55.25 -99 -99 -99
6976450 56.25 54.75 -99 -99 -99
6977100 44.75 48.75 -99 -99 -99
6978250 40.75 47.75 -99 -99 -99
6978251 40.25 50.25 -99 -99 -99
6978500 43.25 49.75 -99 -99 -99
6979500 29.25 52.25 -99 -99 -99
6979600 31.25 51.25 -99 -99 -99
6980300 31.25 47.75 -99 -99 -99
6980800 35.25 48.25 -99 -99 -99
6980801 30.75 50.25 -99 -99 -99
6980802 33.75 47.25 -99 -99 -99
6981800 29.25 46.75 -99 -99 -99
6983355 39.25 44.75 -99 -99 -99
6985320 42.25 42.25 -99 -99 -99
6990700 48.75 39.75 -99 -99 -99